#Dead
Dead (1),1028,872,242,242
Dead (2),1285,243,242,242
Dead (3),771,654,242,242
Dead (4),0,436,242,242
Dead (5),1285,729,242,242
Dead (6),1528,654,242,242
Dead (7),1285,972,242,242
Dead (8),243,436,242,242
Dead (9),1285,486,242,242
Dead (10),1285,0,242,242
#Fall
Fall (1),771,1551,256,217
Fall (2),0,1551,256,217
Fall (3),1528,1333,256,217
#Idle
Idle (1),514,1551,256,217
Idle (2),514,0,256,217
Idle (3),1528,436,256,217
Idle (4),771,1115,256,217
Idle (5),1028,654,256,217
Idle (6),0,1333,256,217
Idle (7),771,897,256,217
Idle (8),257,218,256,217
Idle (9),1528,218,256,217
Idle (10),514,679,256,217
#Jump
Jump (1),771,436,256,217
Jump (2),1028,218,256,217
Jump (3),1528,1551,256,217
Jump (4),0,679,256,217
Jump (5),771,0,256,217
Jump (6),514,218,256,217
Jump (7),0,1115,256,217
#Melee
Melee (1),257,0,256,217
Melee (2),514,1115,256,217
Melee (3),1528,897,256,217
Melee (4),257,1115,256,217
Melee (5),514,897,256,217
Melee (6),1028,1551,256,217
Melee (7),0,897,256,217
#Attack
Shoot (1),771,1333,256,217
Shoot (2),1528,1115,256,217
Shoot (3),257,897,256,217
#Slide
Slide (1),1028,0,256,217
Slide (2),1528,0,256,217
Slide (3),257,1333,256,217
Slide (4),1028,436,256,217
Slide (5),0,0,256,217
#Run
Run (1),514,1333,256,217
Run (2),0,218,256,217
Run (3),257,679,256,217
Run (4),1028,1115,256,217
Run (5),1028,1333,256,217
Run (6),514,436,256,217
Run (7),771,218,256,217
Run (8),257,1551,256,217